4559101.500000
4430753.000000
4601667.000000
4286170.500000
4350920.000000
4305529.000000
4275055.000000
4392848.000000
4536151.000000
4251920.500000
4172109.000000
4508497.000000
4516937.500000
4236151.000000
4195030.000000
4615985.000000
4071638.500000
4614406.000000
4330867.000000
4352276.500000
4259383.000000
4470411.500000
4317070.500000
4584975.000000
4136476.500000
4435712.000000
4630252.500000
4451580.000000
4460938.000000
4309053.500000
4091491.250000
4284081.000000
4129456.500000
4146757.500000
4577171.000000
4267848.500000
4531565.000000
4278096.000000
4317691.000000
4632454.000000
4316125.500000
4406302.000000
4370937.500000
4034688.500000
4318610.000000
4292914.000000
4431926.000000
4274946.500000
4036148.500000
4426408.000000
4134034.750000
4159328.500000
4468024.500000
4566824.000000
4436737.000000
4372900.000000
4494932.500000
4415935.500000
4328551.500000
4043196.250000
4252656.000000
4315015.000000
4147757.250000
4497021.000000
4409422.000000
4403608.500000
4213349.000000
4355504.000000
4749768.500000
4419383.500000
4867337.000000
4210795.000000
4426989.000000
4390645.000000
4431678.000000
4371606.000000
4164120.750000
4026556.750000
4356971.000000
4386190.500000
4211356.000000
4305007.000000
4267455.500000
4227543.000000
4161594.250000
4437117.500000
4552095.500000
4291446.500000
4339047.000000
4381509.000000
4170025.500000
4408523.000000
4310874.000000
4653887.000000
4087372.500000
4461505.500000
4246201.500000
4219581.000000
4248149.500000
4187857.000000
4500831.000000
4336400.000000
4342912.000000
3884919.000000
4454304.500000
4506273.000000
4360614.500000
4272727.500000
4679662.500000
4657182.000000
4480280.500000
4250576.000000
4238632.000000
4742500.000000
4394436.000000
4170344.000000
4449295.000000
4604705.000000
4736772.000000
4607742.000000
4596335.500000
4217197.000000
4582374.500000
4287531.500000
4378460.500000
4133416.000000
4369035.500000
4100021.500000
4534804.000000
4310910.500000
4403084.500000
4475300.000000
4175463.500000
4307053.000000
4169383.500000
4130075.750000
4337440.000000
4578708.000000
4536563.000000
4316900.000000
4440922.500000
4305664.000000
4458856.000000
4668858.000000
4531899.000000
4604679.500000
4436929.000000
4510933.500000
4248535.500000
4431031.000000
4165057.500000
4572505.000000
4630838.000000
4344347.000000
4334852.000000
4393382.500000
4512638.500000
3967463.750000
4397329.000000
4306651.000000
4402584.000000
4210005.500000
4574594.000000
4026601.000000
4231887.000000
4413073.000000
4537082.500000
4334644.000000
4394144.000000
4531846.500000
4228113.000000
4167467.500000
4191093.000000
4316760.000000
4219427.500000
4378429.000000
4192809.250000
4141937.500000
4382170.000000
4356443.500000
4239525.500000
4131295.750000
4282369.000000
4641368.000000
4208146.000000
4569409.000000
4200733.000000
4599111.000000
4496780.000000
4280154.000000
4391325.000000
4413380.000000
4136200.000000
4467511.000000
4407462.500000
4363603.000000
4251015.500000
4487852.000000
4581145.500000
4355279.500000
read time:31020873(ns)
compute time:87876(ns)
write time:65642(ns)
